  0.0000	 -4.6868	 -3.0935	 -2.9711	  6.1189	  6.2237	  7.5611	  7.5774	  7.7815	  7.8250	  8.0128	  8.8645	  9.4863	
  0.0250	 -4.6827	 -3.0922	 -2.9684	  6.0223	  6.3162	  7.4876	  7.6386	  7.7380	  7.8414	  8.0400	  8.8645	  9.4877	
  0.0500	 -4.6704	 -3.0854	 -2.9616	  5.8862	  6.4427	  7.3978	  7.6346	  7.7108	  7.8618	  8.0985	  8.8645	  9.4904	
  0.0750	 -4.6487	 -3.0745	 -2.9520	  5.7461	  6.5679	  7.3012	  7.5393	  7.7407	  7.8890	  8.1625	  8.8659	  9.4958	
  0.1000	 -4.6201	 -3.0595	 -2.9371	  5.6060	  6.6835	  7.2005	  7.4291	  7.7584	  7.9244	  8.2264	  8.8672	  9.5026	
  0.1250	 -4.5833	 -3.0391	 -2.9180	  5.4645	  6.7869	  7.1012	  7.3107	  7.7665	  7.9625	  8.2849	  8.8659	  9.5121	
  0.1500	 -4.5385	 -3.0160	 -2.8935	  5.3257	  6.8454	  7.0305	  7.1869	  7.7679	  7.9978	  8.3366	  8.8632	  9.5203	
  0.1750	 -4.4867	 -2.9874	 -2.8663	  5.1883	  6.7937	  7.0482	  7.0754	  7.7665	  8.0264	  8.3938	  8.8577	  9.5203	
  0.2000	 -4.4269	 -2.9547	 -2.8350	  5.0549	  6.6930	  6.9311	  7.1298	  7.7625	  8.0577	  8.4319	  8.8495	  9.4999	
  0.2250	 -4.3589	 -2.9180	 -2.7983	  4.9229	  6.5679	  6.7951	  7.1992	  7.7570	  8.0740	  8.4631	  8.8319	  9.4713	
  0.2500	 -4.2854	 -2.8772	 -2.7588	  4.7964	  6.4359	  6.6563	  7.2590	  7.7502	  8.0835	  8.4849	  8.8074	  9.4373	
  0.2750	 -4.2038	 -2.8309	 -2.7139	  4.6740	  6.3012	  6.5162	  7.3053	  7.7420	  8.0876	  8.4999	  8.7774	  9.3992	
  0.3000	 -4.1167	 -2.7820	 -2.6663	  4.5570	  6.1638	  6.3747	  7.3339	  7.7312	  8.0863	  8.5012	  8.7434	  9.3570	
  0.3250	 -4.0242	 -2.7289	 -2.6132	  4.4454	  6.0264	  6.2332	  7.3420	  7.7189	  8.0835	  8.4890	  8.7149	  9.3108	
  0.3500	 -3.9248	 -2.6717	 -2.5575	  4.3406	  5.8890	  6.0930	  7.3271	  7.7053	  8.0781	  8.4604	  8.6944	  9.2591	
  0.3750	 -3.8201	 -2.6105	 -2.4976	  4.2427	  5.7515	  5.9529	  7.2849	  7.6890	  8.0713	  8.4182	  8.6836	  9.2006	
  0.4000	 -3.7085	 -2.5466	 -2.4350	  4.1515	  5.6168	  5.8168	  7.2155	  7.6727	  8.0672	  8.3706	  8.6768	  9.1325	
  0.4250	 -3.5929	 -2.4785	 -2.3697	  4.0685	  5.4849	  5.6821	  7.1216	  7.6536	  8.0631	  8.3216	  8.6727	  9.0536	
  0.4500	 -3.4718	 -2.4078	 -2.3003	  3.9923	  5.3556	  5.5502	  7.0046	  7.6305	  8.0591	  8.2727	  8.6686	  8.9625	
  0.4750	 -3.3452	 -2.3343	 -2.2296	  3.9229	  5.2304	  5.4236	  6.8699	  7.6046	  8.0523	  8.2278	  8.6632	  8.8604	
  0.5000	 -3.2160	 -2.2581	 -2.1547	  3.8617	  5.1093	  5.2998	  6.7216	  7.5720	  8.0359	  8.1897	  8.6536	  8.7475	
  0.5250	 -3.0826	 -2.1806	 -2.0799	  3.8086	  4.9923	  5.1815	  6.5624	  7.5325	  8.0046	  8.1625	  8.6237	  8.6414	
  0.5500	 -2.9452	 -2.1003	 -2.0023	  3.7624	  4.8794	  5.0658	  6.3951	  7.4835	  7.9570	  8.1475	  8.4944	  8.6196	
  0.5750	 -2.8051	 -2.0187	 -1.9234	  3.7243	  4.7706	  4.9570	  6.2223	  7.4264	  7.8972	  8.1380	  8.3611	  8.5924	
  0.6000	 -2.6636	 -1.9370	 -1.8445	  3.6930	  4.6672	  4.8508	  6.0468	  7.3597	  7.8291	  8.1271	  8.2291	  8.5584	
  0.6250	 -2.5207	 -1.8540	 -1.7642	  3.6753	  4.5692	  4.7515	  5.8713	  7.2835	  7.7788	  8.0591	  8.1543	  8.5189	
  0.6500	 -2.3765	 -1.7711	 -1.6853	  3.6576	  4.4767	  4.6563	  5.6944	  7.1965	  7.6917	  7.9284	  8.1421	  8.4795	
  0.6750	 -2.2323	 -1.6881	 -1.6051	  3.6467	  4.3896	  4.5665	  5.5202	  7.1039	  7.6005	  7.7924	  8.1339	  8.4441	
  0.7000	 -2.0908	 -1.6078	 -1.5289	  3.6413	  4.3066	  4.4808	  5.3488	  7.0060	  7.5039	  7.6591	  8.1012	  8.4033	
  0.7250	 -1.9506	 -1.5289	 -1.4527	  3.6413	  4.2318	  4.4005	  5.1828	  6.9067	  7.4060	  7.5312	  8.0944	  8.3747	
  0.7500	 -1.8146	 -1.4540	 -1.3806	  3.6467	  4.1637	  4.3270	  5.0223	  6.8073	  7.3067	  7.4087	  8.0863	  8.3529	
  0.7750	 -1.6840	 -1.3819	 -1.3112	  3.6535	  4.1025	  4.2603	  4.8699	  6.7094	  7.2073	  7.2958	  8.0795	  8.3353	
  0.8000	 -1.5602	 -1.3153	 -1.2459	  3.6617	  4.0522	  4.1978	  4.7270	  6.6182	  7.1107	  7.1910	  8.0713	  8.3230	
  0.8250	 -1.4445	 -1.2527	 -1.1860	  3.6685	  4.0100	  4.1433	  4.5937	  6.5325	  7.0169	  7.0958	  8.0645	  8.3135	
  0.8500	 -1.3398	 -1.1969	 -1.1316	  3.6726	  3.9814	  4.0944	  4.4740	  6.4549	  6.9298	  7.0101	  8.0591	  8.3067	
  0.8750	 -1.2472	 -1.1479	 -1.0840	  3.6726	  3.9624	  4.0535	  4.3692	  6.3883	  6.8509	  6.9379	  8.0536	  8.3012	
  0.9000	 -1.1697	 -1.1071	 -1.0418	  3.6671	  3.9542	  4.0195	  4.2808	  6.3311	  6.7828	  6.8767	  8.0495	  8.2985	
  0.9250	 -1.1085	 -1.0744	 -1.0064	  3.6603	  3.9529	  3.9923	  4.2100	  6.2862	  6.7271	  6.8291	  8.0455	  8.2958	
  0.9500	 -1.0649	 -1.0500	 -0.9792	  3.6535	  3.9542	  3.9733	  4.1583	  6.2536	  6.6862	  6.7937	  8.0427	  8.2944	
  0.9750	 -1.0418	 -1.0350	 -0.9615	  3.6481	  3.9556	  3.9624	  4.1270	  6.2332	  6.6618	  6.7733	  8.0414	  8.2931	
  1.0000	 -1.0336	 -1.0295	 -0.9561	  3.6467	  3.9542	  3.9597	  4.1161	  6.2264	  6.6522	  6.7665	  8.0414	  8.2931	
  1.0000	 -1.0336	 -1.0295	 -0.9561	  3.6467	  3.9542	  3.9597	  4.1161	  6.2264	  6.6522	  6.7665	  8.0414	  8.2931	
  1.0289	 -1.0527	 -1.0336	 -0.9574	  3.6563	  3.9433	  3.9665	  4.1297	  6.2386	  6.6645	  6.7720	  8.0414	  8.2931	
  1.0577	 -1.1139	 -1.0418	 -0.9656	  3.6848	  3.9039	  3.9950	  4.1678	  6.2754	  6.6998	  6.7910	  8.0441	  8.2958	
  1.0866	 -1.2105	 -1.0527	 -0.9765	  3.7311	  3.8413	  4.0440	  4.2263	  6.3325	  6.7543	  6.8250	  8.0482	  8.2985	
  1.1155	 -1.3370	 -1.0676	 -0.9914	  3.7583	  3.7950	  4.1093	  4.3012	  6.4032	  6.8264	  6.8808	  8.0550	  8.3026	
  1.1443	 -1.4867	 -1.0867	 -1.0105	  3.6590	  3.8767	  4.1937	  4.3842	  6.4781	  6.9107	  6.9652	  8.0645	  8.3094	
  1.1732	 -1.6540	 -1.1085	 -1.0309	  3.5461	  3.9733	  4.2944	  4.4726	  6.5488	  7.0060	  7.0808	  8.0781	  8.3203	
  1.2021	 -1.8323	 -1.1302	 -1.0527	  3.4236	  4.0862	  4.4100	  4.5624	  6.6101	  7.1053	  7.2264	  8.0958	  8.3380	
  1.2309	 -2.0146	 -1.1534	 -1.0758	  3.2943	  4.2114	  4.5406	  4.6522	  6.6645	  7.2073	  7.3897	  8.1230	  8.3652	
  1.2598	 -2.1969	 -1.1765	 -1.0976	  3.1596	  4.3501	  4.6848	  4.7406	  6.7148	  7.3107	  7.5516	  8.1557	  8.4169	
  1.2887	 -2.3751	 -1.1996	 -1.1193	  3.0209	  4.4998	  4.8277	  4.8427	  6.7624	  7.4128	  7.6944	  8.1910	  8.5244	
  1.3175	 -2.5439	 -1.2200	 -1.1397	  2.8807	  4.6590	  4.9134	  5.0087	  6.8101	  7.5121	  7.8033	  8.2223	  8.6713	
  1.3464	 -2.7017	 -1.2391	 -1.1588	  2.7406	  4.8277	  5.0005	  5.1855	  6.8577	  7.6087	  7.8767	  8.2455	  8.8033	
  1.3753	 -2.8459	 -1.2568	 -1.1751	  2.6005	  4.9910	  5.0862	  5.3624	  6.9067	  7.6999	  7.9257	  8.2591	  8.8142	
  1.4041	 -2.9724	 -1.2704	 -1.1887	  2.4630	  5.1692	  5.1733	  5.5529	  6.9584	  7.7856	  7.9625	  8.2781	  8.8264	
  1.4330	 -3.0813	 -1.2826	 -1.1996	  2.3256	  5.2604	  5.3515	  5.7475	  7.0101	  7.8672	  7.9910	  8.2958	  8.8400	
  1.4619	 -3.1711	 -1.2881	 -1.2051	  2.1868	  5.3502	  5.5393	  5.9529	  7.0631	  7.9121	  8.0223	  8.3407	  8.9298	
  1.4907	 -3.2405	 -1.2935	 -1.2105	  2.0562	  5.4413	  5.7230	  6.1543	  7.1175	  7.9788	  8.0468	  8.3611	  8.9407	
  1.5196	 -3.2881	 -1.2962	 -1.2132	  1.9283	  5.5338	  5.9053	  6.3583	  7.1733	  8.0414	  8.0713	  8.3829	  8.9530	
  1.5485	 -3.3139	 -1.2962	 -1.2119	  1.8059	  5.6277	  6.0849	  6.5611	  7.2305	  8.0958	  8.0985	  8.4101	  8.9679	
  1.5774	 -3.3180	 -1.2921	 -1.2091	  1.6862	  5.7243	  6.2590	  6.7638	  7.2876	  8.1230	  8.1516	  8.4414	  8.9856	
  1.6062	 -3.3031	 -1.2867	 -1.2037	  1.5705	  5.8223	  6.4264	  6.9624	  7.3448	  8.1502	  8.2019	  8.4808	  9.0060	
  1.6351	 -3.2677	 -1.2785	 -1.1942	  1.4603	  5.9202	  6.5842	  7.1543	  7.4019	  8.1774	  8.2468	  8.5257	  9.0305	
  1.6640	 -3.2133	 -1.2676	 -1.1846	  1.3542	  6.0209	  6.7325	  7.3407	  7.4590	  8.2060	  8.2904	  8.5802	  9.0604	
  1.6928	 -3.1411	 -1.2554	 -1.1710	  1.2549	  6.1216	  6.8672	  7.5107	  7.5189	  8.2332	  8.3298	  8.6441	  9.0958	
  1.7217	 -3.0541	 -1.2404	 -1.1574	  1.1596	  6.2223	  6.9869	  7.5706	  7.6767	  8.2604	  8.3693	  8.7162	  9.1366	
  1.7506	 -2.9520	 -1.2241	 -1.1411	  1.0698	  6.3216	  7.0931	  7.6237	  7.8210	  8.2890	  8.4060	  8.7951	  9.1856	
  1.7794	 -2.8391	 -1.2064	 -1.1234	  0.9855	  6.4209	  7.1856	  7.6754	  7.9475	  8.3162	  8.4414	  8.8795	  9.2414	
  1.8083	 -2.7180	 -1.1887	 -1.1057	  0.9079	  6.5189	  7.2645	  7.7230	  8.0536	  8.3461	  8.4781	  8.9666	  9.3067	
  1.8372	 -2.5888	 -1.1697	 -1.0867	  0.8358	  6.6128	  7.3312	  7.7665	  8.1393	  8.3747	  8.5135	  9.0564	  9.3774	
  1.8660	 -2.4568	 -1.1506	 -1.0663	  0.7705	  6.7039	  7.3883	  7.8074	  8.2087	  8.4060	  8.5461	  9.1421	  9.4101	
  1.8949	 -2.3234	 -1.1302	 -1.0472	  0.7106	  6.7896	  7.4359	  7.8427	  8.2618	  8.4373	  8.5788	  9.2251	  9.3652	
  1.9238	 -2.1928	 -1.1125	 -1.0295	  0.6562	  6.8686	  7.4767	  7.8754	  8.3026	  8.4700	  8.6060	  9.3026	  9.3162	
  1.9526	 -2.0677	 -1.0948	 -1.0119	  0.6099	  6.9407	  7.5121	  7.9040	  8.3339	  8.5040	  8.6319	  9.2672	  9.3720	
  1.9815	 -1.9506	 -1.0785	 -0.9955	  0.5691	  7.0033	  7.5420	  7.9284	  8.3584	  8.5380	  8.6523	  9.2183	  9.4319	
  2.0104	 -1.8459	 -1.0649	 -0.9806	  0.5351	  7.0563	  7.5665	  7.9502	  8.3774	  8.5734	  8.6700	  9.1706	  9.4686	
  2.0392	 -1.7547	 -1.0527	 -0.9683	  0.5065	  7.0999	  7.5869	  7.9679	  8.3924	  8.6074	  8.6836	  9.1244	  9.5108	
  2.0681	 -1.6813	 -1.0431	 -0.9588	  0.4848	  7.1339	  7.6033	  7.9815	  8.4033	  8.6414	  8.6944	  9.0822	  9.5421	
  2.0970	 -1.6282	 -1.0363	 -0.9520	  0.4698	  7.1570	  7.6142	  7.9924	  8.4114	  8.6700	  8.7012	  9.0468	  9.5652	
  2.1258	 -1.5955	 -1.0309	 -0.9479	  0.4603	  7.1720	  7.6196	  7.9992	  8.4155	  8.6904	  8.7067	  9.0223	  9.5788	
  2.1547	 -1.5833	 -1.0295	 -0.9465	  0.4576	  7.1760	  7.6210	  8.0006	  8.4182	  8.6972	  8.7080	  9.0142	  9.5843	
  2.1547	 -1.5833	 -1.0295	 -0.9465	  0.4576	  7.1760	  7.6210	  8.0006	  8.4182	  8.6972	  8.7080	  9.0142	  9.5843	
  2.1836	 -1.5847	 -1.0445	 -0.9574	  0.4766	  7.1692	  7.6210	  8.0128	  8.4169	  8.6958	  8.7067	  9.0196	  9.5666	
  2.2124	 -1.5887	 -1.0853	 -0.9887	  0.5351	  7.1488	  7.6182	  8.0482	  8.4155	  8.6944	  8.7053	  9.0373	  9.5162	
  2.2413	 -1.5955	 -1.1534	 -1.0363	  0.6249	  7.1121	  7.6142	  8.1012	  8.4128	  8.6917	  8.7026	  9.0672	  9.4428	
  2.2702	 -1.6051	 -1.2445	 -1.0948	  0.7433	  7.0590	  7.6101	  8.1665	  8.4087	  8.6876	  8.6999	  9.1108	  9.3530	
  2.2990	 -1.6159	 -1.3561	 -1.1588	  0.8834	  6.9883	  7.6060	  8.2400	  8.4046	  8.6781	  8.6958	  9.1679	  9.2591	
  2.3279	 -1.6296	 -1.4826	 -1.2241	  1.0426	  6.8971	  7.6046	  8.3162	  8.3992	  8.6659	  8.6904	  9.1693	  9.2373	
  2.3568	 -1.6459	 -1.6214	 -1.2881	  1.2154	  6.7842	  7.6019	  8.3815	  8.3951	  8.6455	  8.6863	  9.0917	  9.3135	
  2.3856	 -1.7697	 -1.6622	 -1.3479	  1.4018	  6.6495	  7.6005	  8.3856	  8.4455	  8.6169	  8.6808	  9.0305	  9.3911	
  2.4145	 -1.9221	 -1.6799	 -1.4051	  1.5991	  6.4944	  7.6005	  8.3761	  8.4972	  8.5815	  8.6754	  8.9883	  9.4591	
  2.4434	 -2.0745	 -1.6976	 -1.4568	  1.8059	  6.3189	  7.6005	  8.3693	  8.5312	  8.5529	  8.6700	  8.9625	  9.5149	
  2.4722	 -2.2160	 -1.7166	 -1.5017	  2.0209	  6.1257	  7.6019	  8.3611	  8.4985	  8.5870	  8.6645	  8.9489	  9.5570	
  2.5011	 -2.3561	 -1.7357	 -1.5411	  2.2453	  5.9175	  7.6046	  8.3529	  8.4604	  8.6196	  8.6591	  8.9434	  9.5829	
  2.5300	 -2.4881	 -1.7534	 -1.5738	  2.4753	  5.6971	  7.6101	  8.3448	  8.4264	  8.6482	  8.6563	  8.9448	  9.5979	
  2.5588	 -2.6064	 -1.7711	 -1.6010	  2.7120	  5.4658	  7.6155	  8.3366	  8.3951	  8.6509	  8.6781	  8.9502	  9.6033	
  2.5877	 -2.7126	 -1.7874	 -1.6214	  2.9556	  5.2250	  7.6210	  8.3285	  8.3679	  8.6468	  8.7012	  8.9584	  9.6006	
  2.6166	 -2.8010	 -1.8023	 -1.6214	  3.2073	  4.9801	  7.6278	  8.3353	  8.3448	  8.6468	  8.7217	  8.9679	  9.5924	
  2.6454	 -2.8718	 -1.8146	 -1.6309	  3.4617	  4.7297	  7.6359	  8.3244	  8.3257	  8.6427	  8.7407	  8.9802	  9.5788	
  2.6743	 -2.9248	 -1.8255	 -1.6364	  3.7202	  4.4767	  7.6441	  8.3080	  8.3135	  8.6400	  8.7570	  8.9938	  9.5611	
  2.7032	 -2.9561	 -1.8323	 -1.6364	  3.9828	  4.2223	  7.6536	  8.2944	  8.3026	  8.6373	  8.7706	  9.0074	  9.5380	
  2.7321	 -2.9684	 -1.8364	 -1.6323	  3.9678	  4.2495	  7.6631	  8.2822	  8.2917	  8.6346	  8.7802	  9.0223	  9.5121	
  2.7321	 -2.9684	 -1.8364	 -1.6323	  3.9678	  4.2495	  7.6631	  8.2822	  8.2917	  8.6346	  8.7802	  9.0223	  9.5121	
  2.7643	 -2.9697	 -1.8432	 -1.6364	  4.0998	  4.1175	  7.6604	  8.2849	  8.2931	  8.6346	  8.7734	  9.0196	  9.5298	
  2.7966	 -2.9752	 -1.8649	 -1.6404	  3.9910	  4.2440	  7.6577	  8.2822	  8.2849	  8.6346	  8.7598	  9.0278	  9.5543	
  2.8289	 -2.9833	 -1.9017	 -1.6459	  3.8712	  4.4018	  7.6577	  8.2686	  8.2754	  8.6319	  8.7353	  9.0496	  9.5829	
  2.8612	 -2.9956	 -1.9520	 -1.6513	  3.7556	  4.5692	  7.6563	  8.2441	  8.2631	  8.6305	  8.6985	  9.0822	  9.6155	
  2.8934	 -3.0119	 -2.0132	 -1.6554	  3.6454	  4.7474	  7.6536	  8.2101	  8.2468	  8.6264	  8.6523	  9.1230	  9.6496	
  2.9257	 -3.0309	 -2.0840	 -1.6608	  3.5406	  4.9338	  7.6495	  8.1665	  8.2250	  8.5992	  8.6223	  9.1666	  9.6741	
  2.9580	 -3.0554	 -2.1575	 -1.6636	  3.4413	  5.1257	  7.6427	  8.1108	  8.1965	  8.5421	  8.6169	  9.2128	  9.6047	
  2.9902	 -3.0840	 -2.2323	 -1.6663	  3.3474	  5.3216	  7.6318	  8.0427	  8.1597	  8.4836	  8.6114	  9.2591	  9.5339	
  3.0225	 -3.1194	 -2.3017	 -1.6840	  3.2590	  5.5162	  7.6169	  7.9502	  8.1121	  8.4291	  8.6033	  9.3026	  9.4536	
  3.0548	 -3.1602	 -2.3629	 -1.6826	  3.1787	  5.7080	  7.5978	  7.8536	  8.0563	  8.3774	  8.5938	  9.3448	  9.3870	
  3.0871	 -3.2105	 -2.4132	 -1.6799	  3.1039	  5.8917	  7.5720	  7.7434	  7.9910	  8.3312	  8.5829	  9.3257	  9.3856	
  3.1193	 -3.2663	 -2.4513	 -1.6758	  3.0372	  6.0617	  7.5325	  7.6196	  7.9216	  8.2876	  8.5706	  9.2700	  9.4128	
  3.1516	 -3.3235	 -2.4731	 -1.6690	  2.9773	  6.2128	  7.4795	  7.4903	  7.8523	  8.2482	  8.5543	  9.2196	  9.4441	
  3.1839	 -3.3806	 -2.4813	 -1.6595	  2.9256	  6.3393	  7.3325	  7.4332	  7.7842	  8.2128	  8.5353	  9.1761	  9.4713	
  3.2162	 -3.4337	 -2.4772	 -1.6472	  2.8821	  6.4359	  7.1720	  7.3652	  7.7244	  8.1801	  8.5135	  9.1366	  9.4877	
  3.2484	 -3.4799	 -2.4622	 -1.6323	  2.8454	  6.4944	  7.0046	  7.2795	  7.6740	  8.1529	  8.4876	  9.1013	  9.4645	
  3.2807	 -3.5153	 -2.4364	 -1.6159	  2.8168	  6.5135	  6.8332	  7.1760	  7.6386	  8.1298	  8.4604	  9.0700	  9.3788	
  3.3130	 -3.5384	 -2.4037	 -1.5969	  2.7977	  6.4944	  6.6563	  7.0509	  7.6169	  8.1135	  8.4264	  9.0427	  9.2564	
  3.3453	 -3.5452	 -2.3615	 -1.5738	  2.7869	  6.4441	  6.4767	  6.9039	  7.6033	  8.1026	  8.3870	  9.0183	  9.1162	
  3.3775	 -3.5357	 -2.3085	 -1.5506	  2.7841	  6.2958	  6.3706	  6.7516	  7.5937	  8.0985	  8.3461	  8.9679	  9.0019	
  3.4098	 -3.5071	 -2.2541	 -1.5234	  2.7909	  6.1162	  6.2754	  6.5692	  7.5788	  8.0985	  8.2972	  8.8196	  8.9829	
  3.4421	 -3.4609	 -2.1928	 -1.4949	  2.8073	  5.9366	  6.1651	  6.3774	  7.5584	  8.1012	  8.2427	  8.6768	  8.9652	
  3.4744	 -3.3956	 -2.1275	 -1.4636	  2.8318	  5.7611	  6.0359	  6.1842	  7.5284	  8.1053	  8.1815	  8.5448	  8.9489	
  3.5066	 -3.3112	 -2.0581	 -1.4309	  2.8658	  5.5883	  5.8781	  6.0100	  7.4890	  8.1067	  8.1148	  8.4251	  8.9230	
  3.5389	 -3.2078	 -1.9860	 -1.3955	  2.9079	  5.4182	  5.6849	  5.8617	  7.4359	  8.0482	  8.0931	  8.3176	  8.8523	
  3.5712	 -3.0867	 -1.9071	 -1.3588	  2.9596	  5.2536	  5.4781	  5.7230	  7.3733	  7.9652	  8.0713	  8.2414	  8.8319	
  3.6035	 -2.9479	 -1.8268	 -1.3207	  3.0195	  5.0957	  5.2685	  5.5869	  7.2999	  7.8740	  8.0196	  8.2006	  8.8183	
  3.6357	 -2.7928	 -1.7438	 -1.2826	  3.0875	  4.9447	  5.0631	  5.4495	  7.2182	  7.7747	  7.9434	  8.1829	  8.8060	
  3.6680	 -2.6255	 -1.6595	 -1.2432	  3.1665	  4.8032	  4.8644	  5.3093	  7.1325	  7.6808	  7.8454	  8.1733	  8.7897	
  3.7003	 -2.4459	 -1.5738	 -1.2037	  3.2481	  4.6672	  4.6753	  5.1692	  7.0427	  7.5665	  7.7244	  8.1611	  8.6278	
  3.7326	 -2.2595	 -1.4908	 -1.1642	  3.3352	  4.4971	  4.5406	  5.0264	  6.9516	  7.4468	  7.5747	  8.1448	  8.5040	
  3.7648	 -2.0677	 -1.4091	 -1.1275	  3.4263	  4.3311	  4.4250	  4.8835	  6.8590	  7.3257	  7.4101	  8.1108	  8.4155	
  3.7971	 -1.8758	 -1.3316	 -1.0908	  3.5202	  4.1814	  4.3189	  4.7420	  6.7638	  7.2033	  7.2468	  8.0944	  8.3652	
  3.8294	 -1.6894	 -1.2595	 -1.0581	  3.6127	  4.0467	  4.2263	  4.6059	  6.6631	  7.0822	  7.1012	  8.0795	  8.3353	
  3.8617	 -1.5139	 -1.1942	 -1.0295	  3.7025	  3.9297	  4.1461	  4.4767	  6.5570	  6.9692	  6.9842	  8.0672	  8.3176	
  3.8939	 -1.3561	 -1.1384	 -1.0037	  3.7842	  3.8304	  4.0780	  4.3583	  6.4522	  6.8658	  6.8971	  8.0577	  8.3067	
  3.9262	 -1.2214	 -1.0935	 -0.9833	  3.7515	  3.8549	  4.0263	  4.2590	  6.3597	  6.7774	  6.8359	  8.0509	  8.2999	
  3.9585	 -1.1193	 -1.0595	 -0.9683	  3.6944	  3.9093	  3.9882	  4.1814	  6.2876	  6.7094	  6.7965	  8.0455	  8.2958	
  3.9908	 -1.0540	 -1.0377	 -0.9588	  3.6590	  3.9447	  3.9651	  4.1338	  6.2427	  6.6672	  6.7733	  8.0427	  8.2931	
  4.0230	 -1.0336	 -1.0295	 -0.9561	  3.6467	  3.9542	  3.9597	  4.1161	  6.2264	  6.6522	  6.7665	  8.0414	  8.2931	
