  0.0000	 -6.9834	 -5.6364	 -4.8514	 -4.6133	 -3.3697	 -3.2908	 -3.1262	 -3.0337	  4.6386	  4.9229	  5.8753	  6.8033	
  0.0250	 -6.9848	 -5.6378	 -4.8487	 -4.6119	 -3.3711	 -3.2963	 -3.1221	 -3.0269	  4.6331	  4.9216	  5.8713	  6.7951	
  0.0500	 -6.9848	 -5.6378	 -4.8391	 -4.6092	 -3.3724	 -3.3099	 -3.1085	 -3.0051	  4.6195	  4.9202	  5.8563	  6.7733	
  0.0750	 -6.9875	 -5.6378	 -4.8242	 -4.6038	 -3.3765	 -3.3275	 -3.0867	 -2.9738	  4.5950	  4.9189	  5.8345	  6.7366	
  0.1000	 -6.9888	 -5.6392	 -4.8065	 -4.5942	 -3.3806	 -3.3466	 -3.0595	 -2.9343	  4.5624	  4.9161	  5.8046	  6.6862	
  0.1250	 -6.9916	 -5.6392	 -4.7861	 -4.5793	 -3.3874	 -3.3616	 -3.0269	 -2.8867	  4.5202	  4.9121	  5.7706	  6.6237	
  0.1500	 -6.9956	 -5.6405	 -4.7657	 -4.5575	 -3.4010	 -3.3684	 -2.9888	 -2.8350	  4.4699	  4.9080	  5.7338	  6.5488	
  0.1750	 -6.9984	 -5.6405	 -4.7480	 -4.5262	 -3.4173	 -3.3684	 -2.9466	 -2.7779	  4.4114	  4.9025	  5.6930	  6.4645	
  0.2000	 -7.0024	 -5.6419	 -4.7330	 -4.4854	 -3.4337	 -3.3643	 -2.8990	 -2.7153	  4.3474	  4.8971	  5.6509	  6.3706	
  0.2250	 -7.0079	 -5.6432	 -4.7235	 -4.4378	 -3.4500	 -3.3575	 -2.8459	 -2.6500	  4.2780	  4.8903	  5.6060	  6.2685	
  0.2500	 -7.0106	 -5.6432	 -4.7153	 -4.3820	 -3.4650	 -3.3452	 -2.7901	 -2.5806	  4.2059	  4.8849	  5.5624	  6.1611	
  0.2750	 -7.0160	 -5.6446	 -4.7112	 -4.3208	 -3.4772	 -3.3289	 -2.7289	 -2.5071	  4.1284	  4.8726	  5.5134	  6.0495	
  0.3000	 -7.0201	 -5.6460	 -4.7072	 -4.2582	 -3.4895	 -3.3058	 -2.6622	 -2.4296	  4.0495	  4.8590	  5.4604	  5.9366	
  0.3250	 -7.0256	 -5.6473	 -4.7044	 -4.1942	 -3.4990	 -3.2758	 -2.5928	 -2.3493	  3.9692	  4.8413	  5.4005	  5.8223	
  0.3500	 -7.0297	 -5.6473	 -4.7031	 -4.1330	 -3.5071	 -3.2377	 -2.5194	 -2.2649	  3.8889	  4.8168	  5.3325	  5.7121	
  0.3750	 -7.0337	 -5.6487	 -4.7017	 -4.0745	 -3.5126	 -3.1874	 -2.4405	 -2.1765	  3.8100	  4.7869	  5.2549	  5.6060	
  0.4000	 -7.0378	 -5.6500	 -4.7004	 -4.0214	 -3.5180	 -3.1275	 -2.3588	 -2.0853	  3.7324	  4.7474	  5.1665	  5.5080	
  0.4250	 -7.0419	 -5.6500	 -4.6990	 -3.9765	 -3.5221	 -3.0541	 -2.2731	 -1.9915	  3.6590	  4.6985	  5.0699	  5.4182	
  0.4500	 -7.0460	 -5.6514	 -4.6976	 -3.9371	 -3.5235	 -2.9684	 -2.1847	 -1.8921	  3.5882	  4.6359	  4.9665	  5.3406	
  0.4750	 -7.0501	 -5.6514	 -4.6976	 -3.9058	 -3.5248	 -2.8704	 -2.0908	 -1.7901	  3.5202	  4.5610	  4.8576	  5.2753	
  0.5000	 -7.0541	 -5.6528	 -4.6963	 -3.8799	 -3.5235	 -2.7615	 -1.9942	 -1.6853	  3.4576	  4.4767	  4.7474	  5.2209	
  0.5250	 -7.0569	 -5.6528	 -4.6949	 -3.8595	 -3.5235	 -2.6432	 -1.8949	 -1.5779	  3.3991	  4.3842	  4.6359	  5.1774	
  0.5500	 -7.0596	 -5.6541	 -4.6936	 -3.8432	 -3.5207	 -2.5166	 -1.7901	 -1.4649	  3.3460	  4.2862	  4.5257	  5.1420	
  0.5750	 -7.0623	 -5.6541	 -4.6922	 -3.8310	 -3.5180	 -2.3833	 -1.6840	 -1.3506	  3.2984	  4.1855	  4.4182	  5.1107	
  0.6000	 -7.0650	 -5.6555	 -4.6908	 -3.8214	 -3.5153	 -2.2459	 -1.5724	 -1.2336	  3.2549	  4.0862	  4.3121	  5.0835	
  0.6250	 -7.0677	 -5.6555	 -4.6895	 -3.8133	 -3.5126	 -2.1044	 -1.4595	 -1.1125	  3.2182	  3.9869	  4.2100	  5.0576	
  0.6500	 -7.0705	 -5.6568	 -4.6895	 -3.8065	 -3.5099	 -1.9615	 -1.3411	 -0.9901	  3.1855	  3.8876	  4.1080	  5.0168	
  0.6750	 -7.0718	 -5.6568	 -4.6881	 -3.8010	 -3.5058	 -1.8187	 -1.2200	 -0.8649	  3.1637	  3.7950	  4.0154	  4.9951	
  0.7000	 -7.0746	 -5.6582	 -4.6868	 -3.7969	 -3.5017	 -1.6785	 -1.0962	 -0.7397	  3.1420	  3.7066	  3.9256	  4.9638	
  0.7250	 -7.0759	 -5.6582	 -4.6854	 -3.7942	 -3.4976	 -1.5425	 -0.9683	 -0.6132	  3.1229	  3.6222	  3.8413	  4.9121	
  0.7500	 -7.0773	 -5.6582	 -4.6854	 -3.7915	 -3.4949	 -1.4132	 -0.8377	 -0.4867	  3.1093	  3.5447	  3.7637	  4.7787	
  0.7750	 -7.0786	 -5.6582	 -4.6840	 -3.7888	 -3.4908	 -1.2908	 -0.7057	 -0.3629	  3.0971	  3.4739	  3.6916	  4.6345	
  0.8000	 -7.0786	 -5.6582	 -4.6827	 -3.7874	 -3.4881	 -1.1792	 -0.5738	 -0.2404	  3.0875	  3.4100	  3.6263	  4.4916	
  0.8250	 -7.0800	 -5.6582	 -4.6813	 -3.7847	 -3.4854	 -1.0772	 -0.4459	 -0.1234	  3.0780	  3.3529	  3.5678	  4.3556	
  0.8500	 -7.0800	 -5.6582	 -4.6799	 -3.7833	 -3.4813	 -0.9860	 -0.3234	 -0.0132	  3.0671	  3.3052	  3.5175	  4.2291	
  0.8750	 -7.0814	 -5.6582	 -4.6786	 -3.7833	 -3.4799	 -0.9085	 -0.2118	  0.0888	  3.0535	  3.2658	  3.4753	  4.1148	
  0.9000	 -7.0814	 -5.6582	 -4.6786	 -3.7820	 -3.4772	 -0.8431	 -0.1139	  0.1800	  3.0399	  3.2358	  3.4399	  4.0168	
  0.9250	 -7.0814	 -5.6582	 -4.6772	 -3.7806	 -3.4758	 -0.7901	 -0.0336	  0.2562	  3.0250	  3.2141	  3.4114	  3.9365	
  0.9500	 -7.0814	 -5.6582	 -4.6772	 -3.7806	 -3.4745	 -0.7533	  0.0263	  0.3133	  3.0127	  3.1991	  3.3909	  3.8794	
  0.9750	 -7.0827	 -5.6582	 -4.6772	 -3.7806	 -3.4745	 -0.7302	  0.0630	  0.3501	  3.0032	  3.1909	  3.3773	  3.8440	
  1.0000	 -7.0827	 -5.6582	 -4.6772	 -3.7806	 -3.4731	 -0.7221	  0.0766	  0.3623	  3.0005	  3.1882	  3.3733	  3.8318	
  1.0000	 -7.0827	 -5.6582	 -4.6772	 -3.7806	 -3.4731	 -0.7221	  0.0766	  0.3623	  3.0005	  3.1882	  3.3733	  3.8318	
  1.0289	 -7.0827	 -5.6582	 -4.6772	 -3.7793	 -3.4745	 -0.7343	  0.0562	  0.3542	  3.0127	  3.1869	  3.3760	  3.8467	
  1.0577	 -7.0827	 -5.6582	 -4.6786	 -3.7779	 -3.4758	 -0.7738	 -0.0010	  0.3310	  3.0467	  3.1760	  3.3923	  3.8889	
  1.0866	 -7.0814	 -5.6582	 -4.6799	 -3.7765	 -3.4799	 -0.8418	 -0.0826	  0.2929	  3.1025	  3.1406	  3.4358	  3.9515	
  1.1155	 -7.0814	 -5.6582	 -4.6813	 -3.7738	 -3.4840	 -0.9425	 -0.1765	  0.2426	  3.0821	  3.1773	  3.5093	  4.0277	
  1.1443	 -7.0800	 -5.6582	 -4.6840	 -3.7697	 -3.4908	 -1.0731	 -0.2676	  0.1841	  3.0018	  3.2685	  3.6073	  4.1093	
  1.1732	 -7.0786	 -5.6582	 -4.6868	 -3.7656	 -3.4976	 -1.2323	 -0.3520	  0.1188	  2.9066	  3.3746	  3.7243	  4.1923	
  1.2021	 -7.0773	 -5.6582	 -4.6895	 -3.7602	 -3.5071	 -1.4105	 -0.4254	  0.0507	  2.8005	  3.4930	  3.8563	  4.2740	
  1.2309	 -7.0759	 -5.6568	 -4.6936	 -3.7548	 -3.5167	 -1.5996	 -0.4894	 -0.0200	  2.6862	  3.6222	  4.0005	  4.3515	
  1.2598	 -7.0732	 -5.6568	 -4.6976	 -3.7480	 -3.5289	 -1.7928	 -0.5465	 -0.0907	  2.5651	  3.7597	  4.1529	  4.4277	
  1.2887	 -7.0705	 -5.6568	 -4.7017	 -3.7398	 -3.5412	 -1.9819	 -0.5969	 -0.1588	  2.4385	  3.9025	  4.3066	  4.5012	
  1.3175	 -7.0677	 -5.6568	 -4.7058	 -3.7316	 -3.5561	 -2.1643	 -0.6404	 -0.2241	  2.3093	  4.0454	  4.4576	  4.5746	
  1.3464	 -7.0637	 -5.6568	 -4.7085	 -3.7221	 -3.5711	 -2.3330	 -0.6785	 -0.2853	  2.1773	  4.1760	  4.5896	  4.6481	
  1.3753	 -7.0609	 -5.6555	 -4.7112	 -3.7126	 -3.5888	 -2.4881	 -0.7112	 -0.3411	  2.0453	  4.3039	  4.7025	  4.7284	
  1.4041	 -7.0555	 -5.6555	 -4.7140	 -3.7017	 -3.6065	 -2.6269	 -0.7384	 -0.3928	  1.9134	  4.4141	  4.7869	  4.8182	
  1.4330	 -7.0514	 -5.6555	 -4.7167	 -3.6908	 -3.6241	 -2.7479	 -0.7588	 -0.4377	  1.7760	  4.5012	  4.8427	  4.9229	
  1.4619	 -7.0473	 -5.6555	 -4.7180	 -3.6786	 -3.6418	 -2.8500	 -0.7751	 -0.4772	  1.6453	  4.5651	  4.8862	  5.0400	
  1.4907	 -7.0433	 -5.6555	 -4.7180	 -3.6663	 -3.6568	 -2.9357	 -0.7846	 -0.5112	  1.5174	  4.6127	  4.9216	  5.1638	
  1.5196	 -7.0378	 -5.6541	 -4.7167	 -3.6663	 -3.6527	 -3.0037	 -0.7887	 -0.5384	  1.3936	  4.6481	  4.9542	  5.2903	
  1.5485	 -7.0337	 -5.6528	 -4.7153	 -3.6718	 -3.6405	 -3.0568	 -0.7901	 -0.5629	  1.2712	  4.6753	  4.9774	  5.4196	
  1.5774	 -7.0283	 -5.6528	 -4.7140	 -3.6690	 -3.6269	 -3.0962	 -0.7874	 -0.5819	  1.1528	  4.6957	  4.9978	  5.5474	
  1.6062	 -7.0256	 -5.6528	 -4.7112	 -3.6609	 -3.6133	 -3.1207	 -0.7819	 -0.5969	  1.0385	  4.7121	  5.0155	  5.6753	
  1.6351	 -7.0215	 -5.6528	 -4.7099	 -3.6432	 -3.6010	 -3.1330	 -0.7724	 -0.6078	  0.9283	  4.7270	  5.0318	  5.8032	
  1.6640	 -7.0188	 -5.6514	 -4.7085	 -3.6228	 -3.5874	 -3.1289	 -0.7588	 -0.6146	  0.8222	  4.7379	  5.0454	  5.9325	
  1.6928	 -7.0160	 -5.6514	 -4.7072	 -3.5983	 -3.5752	 -3.1085	 -0.7438	 -0.6187	  0.7215	  4.7474	  5.0590	  6.0604	
  1.7217	 -7.0147	 -5.6514	 -4.7072	 -3.5752	 -3.5616	 -3.0690	 -0.7261	 -0.6187	  0.6249	  4.7570	  5.0699	  6.1883	
  1.7506	 -7.0133	 -5.6500	 -4.7072	 -3.5561	 -3.5507	 -3.0105	 -0.7071	 -0.6173	  0.5338	  4.7638	  5.0821	  6.3148	
  1.7794	 -7.0120	 -5.6500	 -4.7072	 -3.5425	 -3.5384	 -2.9330	 -0.6867	 -0.6132	  0.4480	  4.7706	  5.0917	  6.4413	
  1.8083	 -7.0106	 -5.6487	 -4.7085	 -3.5330	 -3.5275	 -2.8405	 -0.6649	 -0.6064	  0.3678	  4.7760	  5.1012	  6.5638	
  1.8372	 -7.0106	 -5.6487	 -4.7085	 -3.5275	 -3.5167	 -2.7357	 -0.6431	 -0.5982	  0.2929	  4.7814	  5.1093	  6.6835	
  1.8660	 -7.0106	 -5.6487	 -4.7099	 -3.5235	 -3.5071	 -2.6214	 -0.6200	 -0.5887	  0.2235	  4.7855	  5.1175	  6.7978	
  1.8949	 -7.0120	 -5.6473	 -4.7112	 -3.5221	 -3.4976	 -2.5030	 -0.5982	 -0.5778	  0.1610	  4.7883	  5.1243	  6.9067	
  1.9238	 -7.0120	 -5.6473	 -4.7126	 -3.5207	 -3.4895	 -2.3847	 -0.5765	 -0.5669	  0.1025	  4.7923	  5.1311	  7.0073	
  1.9526	 -7.0120	 -5.6460	 -4.7140	 -3.5207	 -3.4813	 -2.2690	 -0.5561	 -0.5547	  0.0507	  4.7951	  5.1366	  7.0985	
  1.9815	 -7.0120	 -5.6460	 -4.7153	 -3.5221	 -3.4758	 -2.1588	 -0.5438	 -0.5370	  0.0059	  4.7964	  5.1420	  7.1774	
  2.0104	 -7.0133	 -5.6446	 -4.7167	 -3.5221	 -3.4704	 -2.0595	 -0.5329	 -0.5207	 -0.0336	  4.7991	  5.1461	  7.2454	
  2.0392	 -7.0133	 -5.6446	 -4.7180	 -3.5221	 -3.4650	 -1.9724	 -0.5221	 -0.5071	 -0.0663	  4.8005	  5.1502	  7.3012	
  2.0681	 -7.0133	 -5.6446	 -4.7180	 -3.5235	 -3.4622	 -1.9017	 -0.5139	 -0.4948	 -0.0921	  4.8019	  5.1542	  7.3434	
  2.0970	 -7.0147	 -5.6446	 -4.7180	 -3.5235	 -3.4595	 -1.8486	 -0.5084	 -0.4867	 -0.1112	  4.8032	  5.1556	  7.3733	
  2.1258	 -7.0147	 -5.6446	 -4.7194	 -3.5235	 -3.4582	 -1.8173	 -0.5044	 -0.4812	 -0.1234	  4.8032	  5.1570	  7.3897	
  2.1547	 -7.0147	 -5.6432	 -4.7194	 -3.5235	 -3.4568	 -1.8064	 -0.5030	 -0.4799	 -0.1261	  4.8032	  5.1583	  7.3951	
  2.1547	 -7.0147	 -5.6432	 -4.7194	 -3.5235	 -3.4568	 -1.8064	 -0.5030	 -0.4799	 -0.1261	  4.8032	  5.1583	  7.3951	
  2.1836	 -7.0147	 -5.6432	 -4.7194	 -3.5248	 -3.4568	 -1.8078	 -0.5574	 -0.4962	 -0.0649	  4.8019	  5.1570	  7.4073	
  2.2124	 -7.0147	 -5.6432	 -4.7194	 -3.5262	 -3.4554	 -1.8119	 -0.6690	 -0.5425	  0.0712	  4.7991	  5.1570	  7.4400	
  2.2413	 -7.0147	 -5.6432	 -4.7208	 -3.5275	 -3.4541	 -1.8187	 -0.7914	 -0.6173	  0.2331	  4.7937	  5.1556	  7.4863	
  2.2702	 -7.0147	 -5.6432	 -4.7221	 -3.5303	 -3.4527	 -1.8282	 -0.9139	 -0.7166	  0.4113	  4.7869	  5.1542	  7.5352	
  2.2990	 -7.0133	 -5.6432	 -4.7235	 -3.5344	 -3.4500	 -1.8404	 -1.0309	 -0.8377	  0.5991	  4.7787	  5.1529	  7.5747	
  2.3279	 -7.0133	 -5.6419	 -4.7248	 -3.5384	 -3.4473	 -1.8540	 -1.1397	 -0.9751	  0.7936	  4.7678	  5.1529	  7.5883	
  2.3568	 -7.0120	 -5.6419	 -4.7262	 -3.5439	 -3.4432	 -1.8690	 -1.2418	 -1.1207	  0.9963	  4.7542	  5.1515	  7.5216	
  2.3856	 -7.0120	 -5.6419	 -4.7289	 -3.5493	 -3.4405	 -1.8853	 -1.3357	 -1.2772	  1.2059	  4.7379	  5.1515	  7.3556	
  2.4145	 -7.0106	 -5.6405	 -4.7303	 -3.5561	 -3.4364	 -1.9030	 -1.4364	 -1.4214	  1.4208	  4.7161	  5.1515	  7.1529	
  2.4434	 -7.0106	 -5.6405	 -4.7317	 -3.5629	 -3.4309	 -1.9207	 -1.5928	 -1.4989	  1.6413	  4.6889	  5.1515	  6.9420	
  2.4722	 -7.0106	 -5.6392	 -4.7330	 -3.5697	 -3.4255	 -1.9398	 -1.7466	 -1.5683	  1.8671	  4.6536	  5.1529	  6.7298	
  2.5011	 -7.0092	 -5.6392	 -4.7344	 -3.5765	 -3.4201	 -1.9602	 -1.8840	 -1.6282	  2.0970	  4.6087	  5.1556	  6.5216	
  2.5300	 -7.0092	 -5.6378	 -4.7344	 -3.5833	 -3.4146	 -2.0255	 -1.9711	 -1.6813	  2.3311	  4.5515	  5.1597	  6.3230	
  2.5588	 -7.0106	 -5.6378	 -4.7330	 -3.5901	 -3.4092	 -2.1466	 -1.9887	 -1.7275	  2.5678	  4.4780	  5.1651	  6.1379	
  2.5877	 -7.0106	 -5.6378	 -4.7303	 -3.5942	 -3.4037	 -2.2554	 -2.0037	 -1.7642	  2.8073	  4.3855	  5.1733	  5.9706	
  2.6166	 -7.0120	 -5.6364	 -4.7276	 -3.5969	 -3.3983	 -2.3520	 -2.0160	 -1.7955	  3.0494	  4.2699	  5.1828	  5.8264	
  2.6454	 -7.0147	 -5.6364	 -4.7235	 -3.5969	 -3.3929	 -2.4323	 -2.0255	 -1.8091	  3.2930	  4.1311	  5.2046	  5.7053	
  2.6743	 -7.0160	 -5.6351	 -4.7167	 -3.5929	 -3.3874	 -2.4990	 -2.0323	 -1.8282	  3.5324	  3.9705	  5.2223	  5.6073	
  2.7032	 -7.0201	 -5.6351	 -4.7099	 -3.5847	 -3.3820	 -2.5493	 -2.0350	 -1.8418	  3.7692	  3.7896	  5.2495	  5.5311	
  2.7321	 -7.0228	 -5.6351	 -4.7017	 -3.5711	 -3.3765	 -2.5833	 -2.0350	 -1.8500	  3.5923	  3.9964	  5.2876	  5.4726	
  2.7321	 -7.0228	 -5.6351	 -4.7017	 -3.5711	 -3.3765	 -2.5833	 -2.0350	 -1.8500	  3.5923	  3.9964	  5.2876	  5.4726	
  2.7643	 -7.0215	 -5.6351	 -4.7058	 -3.5792	 -3.3792	 -2.5765	 -2.0391	 -1.8472	  3.6971	  3.8862	  5.2672	  5.5012	
  2.7966	 -7.0188	 -5.6351	 -4.7099	 -3.5874	 -3.3833	 -2.5792	 -2.0500	 -1.8432	  3.7773	  3.8073	  5.2495	  5.5325	
  2.8289	 -7.0160	 -5.6351	 -4.7140	 -3.5956	 -3.3874	 -2.5942	 -2.0677	 -1.8391	  3.6699	  3.9202	  5.2332	  5.5706	
  2.8612	 -7.0133	 -5.6364	 -4.7180	 -3.6037	 -3.3915	 -2.6187	 -2.0894	 -1.8323	  3.5651	  4.0359	  5.2196	  5.6155	
  2.8934	 -7.0106	 -5.6364	 -4.7208	 -3.6133	 -3.3983	 -2.6541	 -2.1153	 -1.8255	  3.4644	  4.1501	  5.2073	  5.6685	
  2.9257	 -7.0092	 -5.6378	 -4.7248	 -3.6241	 -3.4051	 -2.7003	 -2.1398	 -1.8146	  3.3665	  4.2590	  5.1964	  5.7311	
  2.9580	 -7.0065	 -5.6378	 -4.7276	 -3.6337	 -3.4133	 -2.7561	 -2.1629	 -1.8146	  3.2712	  4.3624	  5.1787	  5.8060	
  2.9902	 -7.0038	 -5.6392	 -4.7317	 -3.6459	 -3.4214	 -2.8214	 -2.1806	 -1.7996	  3.1814	  4.4536	  5.1678	  5.8917	
  3.0225	 -7.0011	 -5.6405	 -4.7344	 -3.6582	 -3.4323	 -2.8908	 -2.1915	 -1.7806	  3.0971	  4.5338	  5.1583	  5.9869	
  3.0548	 -6.9984	 -5.6405	 -4.7371	 -3.6745	 -3.4432	 -2.9629	 -2.1983	 -1.7574	  3.0168	  4.5991	  5.1474	  6.0849	
  3.0871	 -6.9970	 -5.6419	 -4.7385	 -3.6922	 -3.4554	 -3.0309	 -2.1983	 -1.7289	  2.9406	  4.6549	  5.1366	  6.1842	
  3.1193	 -6.9956	 -5.6419	 -4.7412	 -3.7112	 -3.4677	 -3.0922	 -2.1901	 -1.6976	  2.8712	  4.6985	  5.1257	  6.2754	
  3.1516	 -6.9943	 -5.6432	 -4.7425	 -3.7344	 -3.4826	 -3.1439	 -2.1765	 -1.6608	  2.8059	  4.7325	  5.1134	  6.3515	
  3.1839	 -6.9943	 -5.6446	 -4.7453	 -3.7588	 -3.4963	 -3.1847	 -2.1575	 -1.6200	  2.7474	  4.7583	  5.0985	  6.4032	
  3.2162	 -6.9956	 -5.6460	 -4.7466	 -3.7833	 -3.5126	 -3.2119	 -2.1316	 -1.5751	  2.6943	  4.7787	  5.0835	  6.4277	
  3.2484	 -6.9970	 -5.6460	 -4.7480	 -3.8051	 -3.5275	 -3.2269	 -2.1003	 -1.5248	  2.6467	  4.7923	  5.0672	  6.4182	
  3.2807	 -6.9997	 -5.6473	 -4.7507	 -3.8214	 -3.5439	 -3.2309	 -2.0636	 -1.4704	  2.6059	  4.8005	  5.0468	  6.3774	
  3.3130	 -7.0038	 -5.6487	 -4.7507	 -3.8310	 -3.5602	 -3.2241	 -2.0200	 -1.4105	  2.5732	  4.8046	  5.0250	  6.3094	
  3.3453	 -7.0079	 -5.6487	 -4.7521	 -3.8323	 -3.5765	 -3.2065	 -1.9711	 -1.3466	  2.5474	  4.8032	  4.9991	  6.2209	
  3.3775	 -7.0120	 -5.6500	 -4.7521	 -3.8242	 -3.5929	 -3.1792	 -1.9166	 -1.2785	  2.5283	  4.7978	  4.9678	  6.1148	
  3.4098	 -7.0174	 -5.6500	 -4.7507	 -3.8078	 -3.6092	 -3.1398	 -1.8568	 -1.2064	  2.5175	  4.7883	  4.9338	  5.9992	
  3.4421	 -7.0228	 -5.6514	 -4.7493	 -3.7847	 -3.6255	 -3.0867	 -1.7901	 -1.1302	  2.5134	  4.7719	  4.8917	  5.8740	
  3.4744	 -7.0297	 -5.6514	 -4.7466	 -3.7575	 -3.6418	 -3.0201	 -1.7166	 -1.0486	  2.5188	  4.7488	  4.8386	  5.7406	
  3.5066	 -7.0351	 -5.6541	 -4.7425	 -3.7262	 -3.6568	 -2.9357	 -1.6377	 -0.9642	  2.5297	  4.7148	  4.7706	  5.6005	
  3.5389	 -7.0419	 -5.6555	 -4.7385	 -3.6935	 -3.6718	 -2.8350	 -1.5534	 -0.8744	  2.5556	  4.6631	  4.6971	  5.4577	
  3.5712	 -7.0473	 -5.6555	 -4.7330	 -3.6854	 -3.6622	 -2.7139	 -1.4636	 -0.7819	  2.5841	  4.5882	  4.6032	  5.3162	
  3.6035	 -7.0528	 -5.6555	 -4.7262	 -3.6976	 -3.6337	 -2.5751	 -1.3670	 -0.6840	  2.6195	  4.4876	  4.4957	  5.1801	
  3.6357	 -7.0582	 -5.6568	 -4.7208	 -3.7099	 -3.6078	 -2.4187	 -1.2649	 -0.5833	  2.6630	  4.3610	  4.3760	  5.0549	
  3.6680	 -7.0623	 -5.6568	 -4.7140	 -3.7221	 -3.5833	 -2.2473	 -1.1574	 -0.4799	  2.7120	  4.2127	  4.2508	  4.9366	
  3.7003	 -7.0664	 -5.6568	 -4.7085	 -3.7316	 -3.5629	 -2.0609	 -1.0445	 -0.3737	  2.7692	  4.0549	  4.1257	  4.8195	
  3.7326	 -7.0705	 -5.6568	 -4.7044	 -3.7412	 -3.5452	 -1.8677	 -0.9275	 -0.2676	  2.8290	  3.8916	  3.9978	  4.6998	
  3.7648	 -7.0732	 -5.6582	 -4.6990	 -3.7493	 -3.5303	 -1.6690	 -0.8037	 -0.1629	  2.8903	  3.7338	  3.8753	  4.5774	
  3.7971	 -7.0759	 -5.6582	 -4.6936	 -3.7575	 -3.5167	 -1.4731	 -0.6744	 -0.0608	  2.9542	  3.5841	  3.7583	  4.4536	
  3.8294	 -7.0786	 -5.6582	 -4.6895	 -3.7629	 -3.5044	 -1.2881	 -0.5397	  0.0371	  3.0154	  3.4467	  3.6522	  4.3284	
  3.8617	 -7.0800	 -5.6582	 -4.6854	 -3.7684	 -3.4949	 -1.1207	 -0.4010	  0.1269	  3.0726	  3.3229	  3.5583	  4.2059	
  3.8939	 -7.0800	 -5.6582	 -4.6827	 -3.7724	 -3.4867	 -0.9792	 -0.2622	  0.2059	  3.1229	  3.2141	  3.4821	  4.0889	
  3.9262	 -7.0814	 -5.6582	 -4.6799	 -3.7765	 -3.4813	 -0.8663	 -0.1316	  0.2725	  3.1256	  3.1596	  3.4250	  3.9869	
  3.9585	 -7.0814	 -5.6582	 -4.6786	 -3.7779	 -3.4772	 -0.7860	 -0.0227	  0.3215	  3.0576	  3.1801	  3.3909	  3.9039	
  3.9908	 -7.0827	 -5.6582	 -4.6772	 -3.7793	 -3.4745	 -0.7384	  0.0507	  0.3514	  3.0154	  3.1869	  3.3773	  3.8508	
  4.0230	 -7.0827	 -5.6582	 -4.6772	 -3.7806	 -3.4731	 -0.7221	  0.0766	  0.3623	  3.0005	  3.1882	  3.3733	  3.8318	
